0
0
0
31
0
0
0
19
42
29
0
2
2
5
2
2
1
15
5
16
2
1
7
0
2
1
1
1
1
0
1
2
1
1
1
1
4
4
4
2
1
2
1
1
17
2
1
4
1
1
1
1
1
1
5
1
1
2
8
1
3
6
1
1
1
1
2
1
1
1
1
7
5
1
0
0
2
1
2
1
1
2
1
1
2
0
0
0
0
2
0
1
1
1
2
2
1
1
13
1
1
1
0
1
1
2
3
1
3
2
2
2
1
1
1
1
2
1
2
2
1
1
2
1
1
1
1
1
1
1
11
1
1
2
1
1
0
11
11
8
10
5
0
28
1
14
1
6
0
0
0
9
0
3
9
14
6
0
3
0
1
2
2
2
1
1
1
2
7
4
8
3
3
10
1
7
22
2
4
3
1
1
2
4
1
12
0
0
2
1
14
1
0
1
1
0
0
0
0
0
0
1
3
0
1
10
7
4
0
0
3
4
7
0
1
0
0
1
0
2
7
0
1
1
1
1
3
13
4
2
4
1
1
1
3
1
1
2
1
0
2
0
2
1
2
4
1
1
4
1
3
2
9
6
3
0
1
1
1
6
2
3
1
1
2
1
0
2
3
3
3
4
2
4
4
1
1
1
1
1
1
8
1
1
1
1
1
1
4
4
1
8
1
1
5
1
0
0
3
1
1
1
0
0
0
0
0
3
3
0
0
1
5
5
0
5
0
0
0
0
0
1
1
0
1
0
1
0
0
0
2
1
1
1
2
0
7
2
1
0
0
2
0
1
0
0
0
0
0
1
3
1
1
1
2
1
1
2
0
1
1
1
1
0
1
2
2
0
1
1
1
5
1
2
0
0
1
0
3
0
0
0
1
1
0
1
1
1
0
1
2
6
1
4
1
8
2
1
1
1
1
1
1
1
4
3
2
1
1
1
1
1
1
1
1
2
1
1
0
0
0
0
0
0
1
1
1
0
0
0
0
0
1
0
0
0
1
0
1
0
0
0
2
1
0
0
0
0
0
0
1
1
1
0
0
0
0
2
0
0
0
1
0
1
0
1
1
0
0
0
0
0
0
0
0
0
0
0
0
0
0
2
1
0
0
0
0
0
1
0
1
0
0
0
2
0
1
0
0
0
0
0
0
0
0
0
0
0
2
1
0
0
1
0
0
0
0
0
0
0
0
0
0
0
0
0
0
0
0
1
0
0
0
1
1
1
0
0
0
0
0
0
0
0
0
0
1
1
0
0
0
0
0
1
1
1
1
1
2
2
2
1
1
1
1
1
0
0
0
0
0
0
