0
1
0
17
0
0
0
1
12
10
0
5
2
0
0
0
0
1
0
13
0
0
6
0
2
1
0
0
0
0
0
0
0
0
0
0
0
0
0
0
0
0
0
0
1
0
0
0
0
0
0
0
0
0
7
0
0
0
13
0
5
5
0
0
0
0
0
0
0
0
0
1
1
0
0
0
0
1
1
0
5
0
0
0
3
0
0
1
1
2
0
0
0
3
2
0
0
0
8
1
0
0
0
0
0
0
4
1
0
0
0
0
0
0
2
0
0
0
0
0
0
0
0
0
0
0
0
0
0
3
3
0
0
1
0
1
0
2
1
0
0
1
0
14
1
24
0
2
0
0
0
1
0
3
1
5
1
0
0
0
0
0
0
0
2
0
0
0
0
1
0
0
1
0
1
1
12
1
0
8
1
1
1
1
1
3
0
0
0
0
3
0
0
0
1
0
0
0
0
0
0
0
2
0
1
2
0
1
0
0
0
5
0
0
0
0
0
1
0
0
0
0
1
0
0
0
2
2
2
3
3
0
0
0
0
1
4
1
0
0
1
0
0
0
0
0
1
0
1
0
2
0
1
0
1
0
0
0
0
1
0
0
0
5
1
1
0
0
0
0
0
0
0
0
0
0
0
0
0
1
0
7
1
0
0
0
0
0
0
1
0
1
1
0
0
0
0
0
1
0
1
0
0
0
0
0
0
0
0
0
0
0
0
0
0
0
0
2
0
0
0
0
0
0
0
0
0
0
0
0
0
0
0
0
2
0
7
1
0
0
0
1
0
0
0
0
0
0
0
0
2
1
1
0
0
1
0
0
0
0
0
0
0
0
0
0
0
0
1
0
1
0
0
0
0
0
0
0
0
0
0
0
1
0
0
0
1
0
0
0
1
1
0
1
0
0
0
0
0
0
1
0
1
1
0
0
0
0
0
0
0
0
0
0
0
0
0
2
0
1
0
0
0
0
0
0
0
0
0
0
0
0
0
0
0
0
0
0
0
0
0
0
0
2
0
0
0
0
0
0
0
0
0
0
0
0
0
0
1
0
0
1
0
0
0
0
0
0
0
0
0
0
0
0
0
0
0
0
0
0
0
0
0
0
0
0
0
0
0
0
0
0
0
0
0
0
0
0
0
0
0
0
0
0
0
0
0
0
0
0
0
0
0
0
0
0
0
0
0
0
0
0
0
0
0
0
0
0
0
0
0
0
0
0
0
0
0
0
0
0
0
0
0
0
0
0
0
0
0
0
0
0
0
1
1
0
0
0
0
0
0
1
0
0
2
0
0
0
0
0
0
0
