0
1
0
10
0
0
0
21
25
12
0
5
2
0
0
0
0
3
0
15
0
0
6
0
2
1
0
0
0
0
0
0
0
0
0
0
10
1
0
0
0
0
0
0
19
0
0
0
0
0
0
0
0
0
6
0
0
0
15
0
5
4
0
0
0
0
0
0
0
0
0
5
1
0
0
0
0
1
1
0
5
0
0
0
4
0
0
1
1
2
0
0
0
3
3
0
0
0
9
2
0
0
0
0
0
0
4
1
1
0
0
0
0
0
3
0
0
0
0
1
0
0
3
0
0
0
0
0
0
4
15
0
0
1
0
1
0
9
10
1
1
3
0
28
1
26
0
3
0
0
0
7
0
4
5
9
5
0
6
0
0
0
0
0
2
0
0
0
0
4
6
1
1
4
2
6
0
3
1
8
1
3
0
4
1
11
0
0
0
0
12
0
0
0
1
0
0
0
0
0
0
0
4
0
1
5
10
3
0
0
0
5
1
0
0
0
2
1
0
0
2
0
1
0
0
0
3
2
1
3
5
0
0
0
1
2
4
0
1
0
2
0
0
0
0
5
1
0
3
0
2
0
0
2
1
0
0
0
0
1
0
0
0
4
1
1
0
0
0
0
0
0
0
0
0
0
0
0
0
0
0
8
1
0
0
0
0
0
0
3
0
1
1
0
2
0
0
0
1
0
1
0
2
0
0
0
0
1
1
0
0
0
1
5
0
4
0
2
0
0
0
0
0
0
0
0
0
0
0
0
0
0
0
0
4
0
8
1
0
0
0
3
0
0
0
0
0
0
0
0
3
1
1
0
0
1
0
0
0
0
0
0
0
1
2
2
0
0
1
0
1
0
0
0
0
0
0
0
1
0
0
0
1
1
0
0
0
0
0
0
1
0
0
2
0
1
0
0
0
0
1
0
1
1
0
1
0
0
0
0
0
0
0
0
0
1
0
2
0
1
0
0
0
0
0
0
0
0
0
0
0
0
0
0
0
0
1
0
0
0
0
1
0
2
0
0
0
0
0
0
0
0
0
0
0
0
0
0
1
0
0
1
0
0
0
0
0
0
0
0
0
0
0
0
0
0
0
0
0
0
0
0
0
0
0
0
0
0
0
0
0
1
0
0
1
0
0
0
0
0
1
0
0
0
0
0
0
0
0
0
0
0
0
0
0
0
0
0
1
0
0
0
0
0
0
0
0
0
0
0
0
0
0
0
0
1
0
0
0
0
0
0
0
0
0
0
0
0
0
0
0
0
0
0
1
0
0
0
0
0
0
2
0
0
2
0
0
0
0
0
0
1
