0
1
0
10
0
0
0
20
21
11
0
4
1
0
0
0
0
3
0
4
0
0
7
0
1
0
0
0
0
0
0
0
0
0
0
0
0
0
0
0
0
0
0
0
10
0
0
0
0
0
0
0
0
0
7
0
0
0
9
0
4
4
0
0
0
0
0
0
0
0
0
2
4
0
0
0
0
1
1
0
6
0
0
0
3
0
0
2
0
1
0
0
0
3
4
0
0
0
1
0
0
0
0
0
0
0
3
1
0
0
0
0
0
0
3
0
0
0
0
0
0
0
0
0
0
0
0
0
0
3
12
0
0
1
0
0
0
10
12
0
1
1
0
28
1
20
0
6
0
0
0
4
0
3
6
5
6
0
3
0
0
0
0
0
2
0
0
0
0
2
4
1
2
4
0
5
0
3
0
10
1
4
1
3
0
9
0
0
0
0
11
0
0
0
0
0
0
0
0
0
0
0
4
0
1
4
7
2
0
0
0
5
0
0
0
0
0
0
0
0
0
0
0
0
0
0
3
4
1
3
2
0
0
0
0
2
4
0
0
0
0
0
0
0
0
3
1
0
0
0
2
0
0
0
1
0
0
0
0
2
0
0
0
1
0
0
0
0
0
0
0
0
0
0
0
0
0
0
0
0
0
2
0
0
0
0
0
0
0
0
0
1
0
0
1
0
0
0
1
0
1
0
0
0
0
0
0
0
0
0
0
0
0
6
0
2
0
1
0
0
0
0
0
0
0
0
0
0
0
0
0
0
0
0
5
0
6
0
0
0
0
1
0
0
0
0
0
0
0
0
2
0
1
0
0
0
0
0
0
0
0
0
0
0
0
2
0
0
1
0
2
0
0
0
0
0
0
0
1
0
0
0
1
0
0
0
0
0
0
0
0
0
0
1
0
1
0
0
0
0
1
0
0
0
0
0
0
0
0
1
0
0
0
0
0
0
0
2
0
1
0
0
0
0
0
0
0
0
0
0
0
0
0
0
0
0
0
0
0
0
0
0
0
2
0
0
0
0
0
0
0
0
0
0
0
0
0
0
0
0
0
0
0
0
0
0
0
0
0
0
0
0
0
0
0
0
0
0
0
0
0
0
0
0
0
0
0
0
0
0
0
0
0
0
1
0
0
0
0
0
0
0
0
0
0
0
0
0
0
0
0
0
0
0
0
0
0
0
0
0
0
0
0
0
0
0
0
0
0
0
0
0
0
0
0
0
0
0
0
0
0
0
0
0
0
0
0
0
0
0
0
0
0
0
1
0
0
0
0
0
0
2
0
0
2
0
0
0
0
0
0
0
