0
1
0
9
0
0
0
22
21
12
0
5
1
0
0
0
0
1
0
7
0
0
7
0
2
1
0
0
0
0
0
0
0
0
0
0
6
0
0
0
0
0
0
0
10
0
0
0
0
0
0
0
0
0
5
0
0
0
11
0
4
4
0
0
0
0
0
0
0
0
0
2
3
0
0
0
0
1
1
0
5
0
0
0
3
0
0
2
0
1
0
0
0
3
3
0
0
0
3
0
0
0
0
0
0
0
3
1
0
0
0
0
0
0
2
0
0
0
0
0
0
0
0
0
0
0
0
0
0
3
11
0
0
1
0
0
0
10
10
0
0
2
0
29
1
21
0
8
0
0
0
4
0
4
5
6
5
0
4
0
0
0
0
0
2
0
0
0
0
3
5
1
2
3
1
5
0
3
0
7
1
4
0
3
2
11
0
0
0
0
13
0
0
0
1
0
0
0
0
0
0
0
4
0
1
5
9
3
0
0
0
5
0
0
0
0
0
0
0
0
0
0
1
0
0
0
3
8
1
3
3
0
0
0
0
2
4
0
0
0
1
0
0
0
0
3
2
0
0
0
2
0
0
0
1
0
0
0
0
1
0
0
0
1
1
1
0
0
0
0
0
0
0
0
0
0
0
0
0
0
0
4
0
0
0
0
0
0
0
0
0
1
1
0
1
0
0
0
1
0
1
0
0
0
0
0
0
0
0
0
0
0
0
5
0
3
0
1
0
0
0
0
0
0
0
0
0
0
0
0
0
0
0
0
4
0
7
1
0
0
0
2
0
0
0
0
0
0
0
0
1
0
1
0
0
0
0
0
0
0
0
0
0
0
0
1
0
0
1
0
2
0
0
0
0
0
0
0
1
0
0
0
1
0
0
0
0
0
0
0
0
0
0
0
0
0
0
0
0
0
1
0
0
1
0
0
0
0
0
1
0
0
0
0
0
0
0
2
0
1
0
0
0
0
0
0
0
0
0
0
0
0
0
0
0
0
1
0
0
0
0
0
0
2
0
0
0
0
0
0
0
0
0
0
0
0
0
0
0
0
0
0
0
0
0
0
0
0
0
0
0
0
0
0
0
0
0
0
0
0
0
0
0
0
0
0
0
0
0
0
0
0
0
0
1
0
0
0
0
0
0
0
0
0
0
0
0
0
0
0
0
0
0
0
0
0
0
0
0
0
0
0
0
0
0
0
0
0
0
0
0
0
0
0
0
0
0
0
0
0
0
0
0
0
0
0
0
0
0
0
0
0
0
0
1
0
0
0
0
0
0
3
0
0
2
0
0
0
0
0
0
0
