0
1
0
11
0
0
0
21
22
9
0
8
1
0
0
0
0
5
0
9
0
0
4
0
1
1
0
0
0
0
0
0
0
0
0
0
0
0
0
0
0
0
0
0
14
0
0
0
0
0
0
0
0
0
7
0
0
0
10
0
5
4
0
0
0
0
0
0
0
0
0
5
1
0
0
0
0
1
1
0
6
0
0
0
4
0
0
2
1
1
0
0
0
3
4
0
0
0
5
1
0
0
0
0
0
0
4
1
1
0
0
0
0
0
3
0
0
0
0
1
0
0
0
0
0
0
0
0
0
3
17
0
0
1
0
0
0
10
11
3
3
4
0
29
3
21
0
4
0
0
0
5
0
4
9
12
5
0
5
0
0
0
0
0
2
0
0
0
6
3
4
1
2
5
1
7
0
3
2
10
1
4
0
1
1
13
0
0
0
0
19
0
0
0
1
0
0
0
0
0
0
0
5
0
1
8
11
2
0
0
0
6
1
1
0
0
3
0
0
1
2
0
0
0
0
0
3
1
1
3
3
0
0
0
0
2
5
1
1
0
0
0
1
0
0
3
1
0
3
0
3
0
2
3
1
0
0
0
0
3
0
0
0
2
1
0
0
0
1
1
0
1
0
0
1
0
0
0
0
1
0
6
1
0
1
0
0
1
0
4
0
1
2
0
3
0
0
0
2
0
1
0
0
0
0
0
0
1
1
0
0
0
0
11
0
8
46
1
21
1
1
0
0
0
0
0
0
0
0
0
0
0
0
0
4
0
6
0
0
0
0
4
0
0
0
0
0
0
0
0
3
1
1
0
0
1
0
0
0
0
0
0
0
0
2
2
0
0
1
0
1
1
0
0
0
0
0
0
1
0
0
0
1
0
0
0
0
0
0
1
1
0
0
3
0
4
0
0
0
0
1
0
1
0
1
1
0
0
0
0
0
1
0
0
0
2
0
2
0
1
0
0
0
1
0
0
0
0
0
0
0
0
0
0
0
0
2
0
0
0
0
0
0
3
0
0
1
1
0
0
0
0
0
0
0
0
0
0
1
0
0
0
0
0
0
0
0
0
0
0
0
0
0
0
0
0
0
0
0
0
0
0
0
0
0
0
0
0
0
0
0
0
0
0
1
0
0
0
0
0
1
0
0
0
0
0
1
0
0
0
0
0
0
0
0
0
0
0
1
0
0
0
0
0
0
0
0
0
0
0
0
0
0
0
0
1
0
0
0
1
0
0
0
0
0
0
0
0
0
0
0
0
0
0
1
0
0
0
0
0
0
3
1
0
2
0
0
0
0
0
0
0
