0
1
0
11
0
0
0
20
25
9
0
5
1
0
0
0
0
2
0
7
0
0
4
0
1
0
0
0
0
0
0
0
0
0
0
0
0
0
0
0
0
0
0
0
13
0
0
0
0
0
0
0
0
0
8
0
0
0
10
0
4
5
0
0
0
0
0
0
0
0
0
4
1
0
0
0
0
1
1
0
6
0
0
0
4
0
0
2
0
1
0
0
0
3
3
0
0
0
2
1
0
0
0
0
0
0
4
1
1
0
0
0
0
0
3
0
0
0
0
0
0
0
0
0
0
0
0
0
0
3
14
0
0
1
0
0
0
10
12
0
1
0
0
29
1
20
0
3
0
0
0
4
0
3
5
7
4
0
5
0
0
0
0
0
2
0
0
0
0
3
5
1
2
5
1
5
0
2
1
8
1
3
0
1
0
7
0
0
0
0
13
0
0
0
1
0
0
0
0
0
0
0
5
0
1
5
10
1
0
0
0
5
0
0
0
0
0
0
0
0
0
0
0
0
0
0
4
2
1
3
3
0
0
0
0
2
3
0
0
0
0
0
0
0
0
2
1
0
2
0
2
0
0
0
1
0
0
0
0
1
0
0
0
2
1
0
0
0
0
0
0
0
0
0
0
0
0
0
0
0
0
5
1
0
0
0
0
0
0
2
0
1
1
0
2
0
0
0
2
0
1
0
0
0
0
0
0
0
0
0
0
0
0
5
0
2
0
1
0
0
0
0
0
0
0
0
0
0
0
0
0
0
0
0
6
0
7
0
0
0
0
2
1
0
0
0
0
0
0
0
2
0
1
0
0
1
0
0
0
0
0
0
0
0
0
2
0
0
1
0
1
1
0
0
0
0
0
0
1
0
0
0
1
0
0
0
0
0
0
0
0
0
0
2
0
1
0
0
0
0
2
0
1
0
0
1
0
0
0
0
0
0
0
0
0
1
0
2
0
1
0
0
0
0
0
0
0
0
0
0
0
0
0
0
0
0
0
0
0
0
0
0
0
2
0
0
0
0
0
0
0
0
0
0
0
0
0
0
0
0
0
0
0
0
0
0
0
0
0
0
0
0
0
0
0
0
0
0
0
0
0
0
0
0
0
0
0
0
0
0
0
0
0
0
0
0
0
0
0
0
0
0
0
0
0
0
0
0
0
0
0
0
0
0
0
0
0
0
1
0
0
0
0
0
0
0
0
0
0
0
0
0
0
0
0
1
0
0
0
0
0
0
0
0
0
0
0
0
0
0
0
0
0
0
1
0
0
0
0
0
0
3
0
0
2
0
0
0
0
0
0
0
