0
0
0
13
0
0
0
19
35
11
0
3
1
4
2
2
1
14
6
21
3
1
8
1
5
6
5
4
1
0
1
2
2
2
0
1
5
5
4
2
1
1
1
1
21
2
2
4
2
1
1
1
3
1
4
1
1
2
12
1
4
5
2
1
1
2
1
2
2
2
1
9
2
1
2
1
2
1
2
1
2
2
2
1
5
1
1
1
1
2
1
1
1
1
1
2
1
1
11
6
1
1
1
2
1
2
4
1
3
3
2
2
2
2
1
1
1
1
1
5
1
1
2
2
1
2
1
1
1
1
17
1
1
2
1
1
1
14
15
9
10
5
1
35
2
17
2
4
3
0
0
8
0
2
7
12
8
0
4
2
1
1
2
1
1
1
1
2
8
3
6
1
1
8
1
8
0
2
4
4
1
2
2
3
1
16
1
1
2
1
12
1
1
2
1
1
1
1
1
1
1
2
4
1
1
9
18
3
1
1
3
5
8
1
1
1
1
1
1
3
9
1
1
1
1
1
4
7
3
2
5
1
1
1
5
2
2
1
1
1
2
1
2
1
1
3
1
1
3
1
1
1
7
5
2
0
1
1
0
6
2
4
0
2
1
2
1
2
2
0
0
0
0
5
1
0
0
0
2
1
1
9
1
1
2
1
1
2
4
6
1
0
1
1
5
1
0
0
4
3
0
0
0
0
0
0
0
3
2
1
1
2
5
6
0
6
47
0
40
2
1
1
1
6
0
1
2
0
2
1
2
0
1
1
5
1
8
0
0
1
1
1
0
1
0
0
0
1
0
0
2
1
1
1
2
1
0
0
0
0
0
1
1
1
1
3
1
1
1
0
1
1
1
3
1
3
1
0
3
0
1
1
1
2
1
1
0
0
0
1
1
4
3
3
0
4
2
0
0
0
0
2
1
1
3
1
2
0
0
1
1
0
3
0
0
4
0
1
0
0
1
1
0
0
1
1
1
1
0
0
0
2
1
0
0
1
1
1
1
2
3
2
4
1
1
0
2
1
1
1
1
2
1
1
0
2
0
0
1
0
1
1
1
1
0
0
0
0
0
0
0
0
0
0
0
0
0
0
1
1
0
1
0
0
0
0
2
1
0
0
0
0
0
1
0
2
1
0
0
0
1
0
0
0
0
0
0
1
1
1
0
1
0
0
0
0
0
0
1
0
0
0
0
0
1
1
0
0
0
0
0
1
0
0
0
0
0
0
0
0
0
0
0
0
1
0
0
0
0
0
0
0
0
0
0
0
0
0
0
0
0
0
0
0
0
0
0
0
3
2
1
0
