0
0
0
24
0
0
0
19
49
9
0
5
2
5
1
2
0
13
5
21
0
2
7
1
8
3
3
5
0
0
0
2
1
1
1
1
4
3
4
0
2
1
1
1
17
0
1
1
1
1
1
1
3
1
5
1
1
2
10
1
3
5
1
1
1
1
0
1
0
1
1
9
2
1
0
0
2
1
2
1
1
2
1
1
3
0
0
1
1
1
0
1
1
0
1
1
0
1
13
1
1
1
1
1
1
1
3
1
2
2
2
3
1
1
1
1
3
1
2
4
1
1
2
1
0
2
1
1
0
1
14
0
1
0
1
2
1
9
13
6
9
5
1
31
2
15
1
12
3
0
0
7
0
2
9
9
5
0
1
1
1
2
2
0
1
1
1
2
8
1
11
2
2
9
1
6
20
2
3
3
1
1
2
3
1
13
0
0
2
1
11
1
0
2
1
0
0
0
0
0
0
1
5
0
1
10
14
0
0
0
2
4
8
0
1
2
2
6
1
4
6
1
1
1
1
1
3
12
4
0
4
1
0
0
3
1
1
1
0
0
1
0
2
0
1
5
1
0
3
1
2
2
6
9
2
0
1
1
1
6
2
2
2
1
2
1
0
2
4
4
4
4
1
7
6
2
1
1
1
1
0
8
1
1
1
1
1
2
3
6
1
0
1
1
3
1
0
0
8
8
1
1
0
0
0
0
1
1
1
0
0
0
3
7
0
5
0
0
0
0
0
1
1
0
1
0
1
0
2
0
2
1
0
1
3
0
7
2
1
1
1
3
1
1
0
0
0
1
1
1
1
1
1
1
2
1
1
1
1
1
1
1
1
1
2
2
0
0
0
0
1
0
2
2
1
2
1
2
3
1
1
3
1
2
1
1
1
1
0
1
2
2
2
3
1
4
1
1
1
1
1
1
1
1
2
1
1
1
1
1
1
1
1
1
1
3
2
1
1
2
1
1
1
1
1
1
1
1
1
1
1
1
1
1
1
1
3
1
1
1
2
1
1
1
1
1
1
1
1
1
1
1
1
1
1
0
0
0
0
0
0
0
0
0
0
0
0
0
0
0
0
0
0
0
0
0
0
0
0
0
0
0
0
0
0
0
0
0
0
0
0
0
0
0
0
0
0
0
0
0
0
0
0
0
0
0
0
0
0
0
0
0
0
0
0
0
0
0
0
0
0
0
0
0
0
0
0
0
0
0
0
0
0
0
0
0
0
0
0
0
0
0
0
0
0
0
0
0
0
0
0
0
0
0
0
0
0
0
0
0
0
0
0
0
0
0
0
0
0
0
0
0
