0
0
0
10
0
0
0
1
11
1
0
3
2
5
2
2
0
6
4
4
0
0
2
0
0
0
0
0
0
0
0
0
0
0
1
0
1
4
2
0
0
0
0
0
4
0
0
0
0
0
0
0
0
0
3
0
0
0
0
0
1
3
0
0
0
0
0
0
0
1
1
1
1
1
0
0
2
0
2
1
1
1
1
2
3
0
0
1
1
1
1
1
1
0
0
1
0
0
3
0
1
1
1
2
1
1
3
1
0
0
2
2
1
1
1
1
2
1
1
1
1
1
2
1
0
1
1
1
0
1
9
0
1
0
1
2
0
2
0
0
4
0
0
7
0
5
0
1
0
0
0
1
0
0
0
2
0
0
0
0
0
0
0
0
0
0
0
0
0
0
0
1
1
2
0
1
0
0
0
1
1
0
1
0
0
4
0
0
0
0
2
0
0
0
0
0
0
0
0
0
0
0
0
0
1
0
2
0
0
0
1
0
2
0
0
0
0
0
0
0
0
0
0
0
0
0
2
0
2
0
2
0
0
0
0
0
1
2
0
0
0
0
2
0
0
0
1
0
1
0
0
2
2
3
1
0
0
1
1
2
0
0
2
0
0
1
0
2
0
2
2
1
1
2
2
1
2
1
0
1
0
1
1
1
1
1
1
0
0
1
1
0
1
0
0
1
0
0
0
0
0
0
0
305
305
0
1
0
1
0
0
0
0
1
0
2
0
0
0
0
0
0
0
1
1
0
1
0
0
0
1
1
0
0
1
0
0
0
0
0
0
0
0
0
0
0
0
0
0
1
0
0
0
0
0
0
1
1
0
1
1
1
0
0
0
0
0
1
1
1
1
0
1
0
0
2
1
0
1
1
0
0
0
0
0
0
0
0
0
0
1
1
0
0
0
1
0
0
0
0
1
0
0
0
0
0
0
0
0
1
0
0
1
0
0
0
2
1
1
0
1
1
0
0
1
0
1
0
0
0
0
0
0
0
0
0
0
1
0
0
0
0
0
1
0
0
0
0
0
0
0
0
0
0
0
0
0
0
0
0
0
0
0
1
0
1
0
0
0
0
0
0
0
1
1
0
0
0
0
0
0
1
0
0
0
0
0
0
0
0
0
0
0
0
0
0
0
0
0
0
0
0
0
0
0
0
0
0
0
0
0
0
0
0
0
0
0
0
0
0
0
0
0
0
0
0
0
0
0
0
0
0
1
0
0
0
0
0
0
0
0
1
0
0
0
0
0
0
0
0
0
0
0
0
0
0
0
0
0
0
0
0
0
0
0
0
0
1
0
0
0
0
