0
1
0
13
0
0
0
21
12
10
0
5
2
0
0
0
0
2
0
18
0
0
6
0
1
0
0
0
0
0
0
0
0
0
0
0
0
0
0
0
0
0
0
0
12
0
0
0
0
0
0
0
0
0
6
0
0
0
13
0
5
4
0
0
0
0
0
0
0
0
0
0
1
0
0
0
0
1
1
0
5
0
0
0
4
0
0
1
1
2
0
0
0
3
2
0
0
0
4
2
0
0
0
0
0
0
4
1
0
0
0
0
0
0
2
0
0
0
0
0
0
0
0
0
0
0
0
0
0
0
12
0
0
1
0
1
0
1
9
1
1
4
0
0
3
24
0
0
0
0
0
2
0
3
3
7
6
0
7
0
0
0
0
0
2
0
0
0
0
4
5
1
1
4
1
4
9
3
1
7
0
2
0
4
2
5
0
0
0
0
0
0
0
0
1
0
0
0
0
0
0
0
5
0
0
0
0
1
0
0
0
5
0
0
0
0
1
0
0
0
1
0
1
0
0
0
3
1
0
3
5
0
0
0
0
1
4
0
1
0
0
0
0
0
0
5
1
0
3
0
2
0
0
4
1
0
0
0
0
1
0
0
0
6
0
2
0
0
0
0
0
0
0
0
0
1
0
0
0
0
0
0
1
0
0
0
0
0
0
4
0
1
1
0
2
0
0
0
0
0
1
0
0
0
0
0
0
0
0
0
0
0
0
0
0
0
0
2
0
0
0
0
0
0
0
0
0
0
0
0
0
0
0
0
0
0
0
0
0
0
0
0
0
0
0
0
0
0
0
0
3
2
1
0
0
1
0
0
0
0
0
0
0
0
1
0
0
0
0
0
1
0
0
0
0
0
0
0
0
0
0
0
1
0
0
0
0
0
0
1
0
0
0
5
0
0
0
0
0
0
0
0
1
2
0
0
0
0
0
0
0
0
0
0
0
0
0
2
0
1
0
0
0
0
0
0
0
0
0
0
0
0
0
0
0
0
0
0
0
0
0
0
0
2
0
0
0
0
0
0
0
0
0
0
0
0
0
0
1
0
0
1
0
0
0
0
0
0
0
0
0
0
0
0
0
0
0
0
0
0
0
0
0
0
0
0
0
0
0
0
0
0
0
0
0
0
0
0
0
0
0
0
0
0
0
0
0
0
0
0
0
0
0
0
0
0
0
0
0
0
0
0
0
0
0
0
0
0
0
0
0
0
0
0
0
1
0
0
0
0
0
0
0
0
0
0
0
0
0
0
0
0
0
0
1
0
0
0
0
0
0
0
0
0
2
0
0
0
0
0
0
1
