0
1
0
16
0
1
0
22
29
10
0
6
2
0
0
0
0
4
0
20
0
0
6
0
2
1
0
0
0
0
0
0
0
0
0
0
0
0
0
0
0
0
0
0
17
0
0
0
0
0
0
0
0
0
7
0
0
0
17
0
4
4
0
0
0
0
0
0
0
0
0
5
1
0
0
0
0
1
1
0
5
0
0
0
4
0
0
1
1
2
0
0
0
3
2
0
0
0
2
1
0
0
0
0
0
0
2
1
0
0
0
0
0
0
2
0
0
0
0
0
0
0
0
0
0
0
0
0
0
0
14
0
0
1
0
1
0
3
12
2
3
6
0
31
3
25
0
2
0
0
0
5
0
3
5
9
6
0
6
0
0
0
0
0
2
0
0
0
5
4
7
1
1
5
2
5
11
3
1
7
1
2
0
2
1
10
0
0
0
0
9
0
0
0
1
0
0
0
0
0
0
0
5
0
1
6
0
1
0
0
0
5
1
0
0
0
0
0
0
0
0
0
1
0
0
0
3
2
2
3
6
0
0
0
0
2
4
2
1
0
1
0
0
0
0
6
2
0
3
0
2
1
1
2
1
0
0
0
0
2
0
0
0
5
1
1
0
0
0
1
1
1
1
1
2
1
1
1
0
0
0
0
1
0
0
0
0
0
0
4
0
1
1
0
3
0
0
0
0
0
1
0
0
0
0
0
0
0
0
0
0
0
0
3
0
2
0
1
0
0
0
0
0
0
0
0
0
0
0
0
0
0
0
0
0
0
0
2
0
0
0
0
0
0
0
0
0
0
0
0
3
1
1
0
0
1
0
0
0
0
0
0
0
0
1
0
0
0
0
0
1
0
0
0
0
0
0
0
0
0
0
0
1
0
0
0
0
0
0
1
1
0
0
3
0
1
0
0
0
0
1
0
1
1
0
0
0
0
0
0
0
0
0
0
0
0
0
3
0
1
0
0
0
1
0
0
0
0
0
0
0
0
0
0
0
0
0
0
0
0
0
0
0
3
0
0
0
0
0
0
0
0
0
0
0
0
0
0
1
0
0
1
0
0
0
0
0
0
0
0
0
0
0
0
0
0
0
0
0
0
0
0
0
0
0
0
0
0
0
0
0
0
0
0
0
0
0
0
0
0
0
0
0
0
0
0
0
0
0
0
0
0
0
0
0
0
0
0
0
0
0
0
0
0
0
0
0
0
0
0
0
0
0
0
0
1
0
0
0
0
0
0
0
0
0
0
0
0
0
0
0
0
0
0
1
0
0
0
0
0
0
0
0
0
2
0
0
0
0
0
0
0
