0
1
0
19
0
0
0
22
26
12
0
6
2
0
0
0
0
8
0
16
0
0
6
0
2
1
0
0
0
0
0
0
0
0
0
0
0
0
0
0
0
0
0
0
16
0
0
0
0
0
0
0
0
0
7
0
0
0
15
0
4
5
0
0
0
0
0
0
0
0
0
6
1
0
0
0
0
1
1
0
6
0
0
0
4
0
0
2
1
2
0
0
0
3
3
0
0
0
10
1
0
0
0
0
0
0
3
1
1
0
0
0
0
0
2
0
1
0
0
1
0
0
0
0
0
0
0
0
0
3
18
0
0
1
0
1
0
9
11
7
8
5
0
32
2
27
1
3
0
0
0
7
0
4
9
11
8
0
7
0
0
0
0
0
2
0
0
0
7
4
5
1
2
5
2
11
17
3
3
7
1
3
1
3
2
13
0
0
0
0
16
0
0
0
1
0
0
0
0
0
0
0
4
0
1
11
15
2
0
0
1
5
6
1
0
0
3
3
0
2
6
0
1
0
0
0
3
3
3
3
5
0
0
0
3
2
5
2
1
0
4
0
1
0
0
6
1
0
2
0
3
3
7
5
1
0
0
0
0
4
0
0
0
6
1
2
0
0
0
2
1
1
2
5
2
2
1
1
0
0
0
7
1
0
0
0
0
0
1
5
0
1
1
0
6
0
0
0
3
3
1
0
0
0
0
0
0
3
2
0
0
2
5
9
0
6
0
1
0
0
0
0
1
0
0
0
0
0
0
0
0
0
0
0
4
0
9
1
0
0
0
5
0
0
0
0
0
1
0
0
2
2
1
0
1
1
0
0
0
0
0
0
0
3
0
2
2
0
1
0
1
1
1
0
0
3
1
3
1
0
0
2
3
1
0
0
0
0
0
1
2
3
2
5
0
5
1
0
0
0
1
0
1
1
4
2
0
0
0
1
0
1
2
0
0
1
0
2
0
1
0
0
1
0
0
0
0
0
0
0
0
1
3
0
1
1
2
0
2
2
5
3
4
2
0
0
0
0
0
0
2
1
1
0
1
0
0
0
2
0
0
1
0
0
0
2
1
0
0
0
0
0
0
0
0
0
0
0
0
0
0
2
0
0
0
0
2
1
0
2
0
0
0
0
3
2
1
0
1
0
2
2
0
0
0
1
1
0
0
0
1
1
1
1
0
0
1
1
1
0
0
0
0
0
1
0
0
0
0
0
0
0
0
0
0
1
0
0
0
0
0
0
0
0
1
1
0
0
0
0
0
0
0
1
1
0
0
0
0
0
0
2
0
1
2
0
0
0
0
0
0
1
