0
1
0
18
0
0
0
21
27
10
0
5
1
0
0
0
0
9
0
16
0
0
6
0
2
1
0
0
0
0
0
0
0
0
0
0
1
0
0
0
0
0
0
0
14
0
0
0
0
0
0
0
0
0
6
0
0
0
16
0
4
6
0
0
0
0
0
0
0
0
0
6
1
0
0
0
0
1
1
0
5
0
0
0
4
0
0
1
1
2
0
0
0
3
6
0
0
0
10
1
0
0
0
0
0
1
3
1
1
0
0
0
0
0
2
0
0
0
0
4
0
0
0
0
0
0
0
0
0
3
15
0
0
1
0
0
0
10
11
4
5
8
0
32
3
26
0
4
0
0
0
6
0
4
9
13
6
0
5
0
0
0
0
0
2
0
0
0
7
4
4
1
2
5
2
9
26
3
4
7
1
4
0
2
1
13
0
0
0
0
17
0
0
0
1
0
0
0
0
0
0
0
4
0
1
7
12
2
0
0
1
5
5
1
0
0
3
1
0
0
6
0
1
0
0
0
2
2
2
3
4
0
0
0
3
2
4
2
1
0
3
0
0
0
0
5
2
0
3
0
2
2
4
6
1
0
0
0
0
4
0
0
0
4
1
1
0
0
1
1
1
1
1
4
2
1
1
1
0
0
1
7
2
0
0
0
0
0
1
4
0
2
1
0
7
0
0
0
3
0
1
0
0
0
0
0
0
3
1
0
1
2
3
6
0
9
0
1
0
0
0
0
1
0
0
0
0
0
0
0
0
0
0
0
6
0
9
1
0
0
0
5
0
0
0
0
0
0
0
0
3
0
1
0
1
1
0
0
0
0
0
0
0
1
1
2
1
0
1
0
2
1
0
0
0
3
1
3
0
0
0
1
1
2
0
0
0
0
0
0
0
1
2
3
0
3
1
0
0
0
1
0
1
0
3
3
0
0
0
2
0
0
0
0
0
1
0
2
0
1
0
0
1
0
0
0
0
0
0
0
0
1
0
0
0
1
1
0
1
2
4
1
3
4
0
0
0
0
0
0
1
0
1
0
1
0
0
0
0
0
0
0
0
0
0
1
0
0
0
0
0
0
0
0
0
0
1
0
0
0
2
1
0
0
0
0
2
1
0
2
0
0
0
0
3
0
0
0
0
0
2
1
1
0
0
1
0
0
0
0
0
0
0
0
0
0
0
1
2
0
0
0
0
0
1
0
0
0
0
0
0
0
0
0
0
1
0
0
0
0
0
0
0
0
1
0
0
0
0
0
0
0
0
0
1
0
0
0
0
0
0
2
1
0
2
0
0
0
0
0
0
1
