0
0
0
8
0
2
0
23
22
10
0
5
2
0
0
0
0
2
0
11
0
0
4
0
2
1
0
0
0
0
0
0
0
0
0
0
0
0
0
0
0
0
0
0
15
0
0
0
0
0
0
0
0
0
5
0
0
0
11
0
5
3
0
0
0
0
0
0
0
0
0
5
5
0
0
0
0
1
1
0
3
0
0
0
2
0
0
1
1
2
0
0
0
3
2
0
0
0
2
2
0
0
0
0
0
0
4
1
0
0
0
0
0
0
2
0
0
0
0
3
0
0
0
0
0
0
0
0
0
0
9
0
0
1
0
1
0
2
10
0
0
2
0
25
1
19
0
5
0
0
0
2
0
2
0
5
7
0
5
0
0
0
0
0
2
0
0
0
0
0
0
1
1
4
2
4
0
3
1
6
1
1
0
3
0
7
0
0
0
0
5
0
1
0
0
0
0
0
0
0
0
0
3
0
1
2
0
1
0
0
0
4
0
0
0
0
0
0
0
0
0
0
0
0
0
0
0
1
1
4
5
0
0
0
0
2
3
0
1
0
1
0
0
0
0
2
1
0
2
0
1
0
0
1
1
0
0
0
0
1
0
0
0
1
1
0
0
0
0
0
0
0
0
0
0
0
0
0
0
0
0
0
0
0
0
0
0
0
0
2
0
1
0
0
2
0
0
0
0
0
1
0
0
0
1
1
0
0
0
0
0
0
0
1
0
0
0
1
0
0
0
0
0
0
0
0
0
0
0
0
0
0
0
0
0
0
0
1
0
0
0
0
0
0
0
0
0
0
0
0
2
2
1
0
0
1
0
0
0
0
0
0
0
0
0
0
0
0
0
0
1
0
0
0
0
0
0
0
0
0
0
0
1
0
0
0
0
0
0
0
0
0
0
2
0
0
0
0
0
0
2
0
0
0
0
0
0
0
0
0
0
0
0
0
0
0
0
2
0
1
0
0
0
0
0
0
0
0
0
0
0
0
0
0
0
0
0
0
0
0
0
0
0
1
0
0
0
0
0
0
0
0
0
0
0
0
0
0
1
0
0
0
0
0
0
0
0
0
0
0
0
0
0
0
0
0
0
0
0
0
0
0
0
0
0
0
0
0
0
0
0
0
0
0
0
0
0
0
0
0
0
0
0
0
0
0
0
0
0
0
0
0
0
0
0
0
0
0
0
0
0
0
0
0
0
0
0
0
0
0
0
0
0
0
0
1
1
0
0
0
0
0
0
0
0
0
0
0
0
0
0
0
0
0
1
0
0
0
0
0
0
0
0
0
2
0
0
0
0
0
0
1
