0
0
0
2
0
0
0
18
27
4
0
3
1
5
1
2
1
10
6
18
1
3
7
1
4
3
2
3
1
0
0
2
2
1
1
0
4
5
4
0
1
0
1
1
16
2
1
0
1
1
1
1
1
1
6
1
1
2
8
1
3
5
1
1
1
1
0
1
1
1
1
7
1
2
0
0
3
0
2
1
0
1
1
1
3
0
0
1
1
2
1
0
1
0
1
1
1
1
11
0
1
1
1
2
1
1
3
1
2
0
2
2
1
1
1
1
1
1
1
4
1
1
2
1
0
1
1
1
0
0
15
0
1
1
1
1
0
7
12
4
6
3
0
27
0
16
1
8
2
0
0
3
0
1
6
3
4
0
2
1
1
2
2
0
1
1
1
2
0
3
11
2
2
8
1
6
0
3
2
3
2
0
2
4
0
12
0
0
2
1
9
1
1
1
1
0
0
0
0
0
0
2
4
1
2
4
12
2
0
0
2
4
6
0
0
0
1
4
1
1
2
0
1
1
1
1
3
5
4
0
3
1
0
1
1
1
1
2
0
0
0
0
1
0
1
4
1
0
3
1
1
3
6
3
2
0
0
1
1
4
2
2
2
1
2
1
0
2
0
3
3
1
1
3
2
1
3
1
0
1
0
7
1
1
1
1
0
0
2
5
1
0
1
0
3
1
0
0
3
4
0
0
1
1
0
0
1
1
1
0
0
0
1
4
0
4
0
0
0
0
0
1
0
1
1
0
1
0
1
1
2
1
0
1
2
0
7
2
1
1
0
2
0
1
0
0
0
1
1
1
2
1
1
1
1
1
1
1
2
1
1
1
1
0
1
2
1
1
1
1
1
0
1
2
0
3
1
0
0
1
0
0
0
0
1
0
0
1
0
1
1
1
0
1
0
1
0
1
1
1
2
0
0
1
0
0
0
0
1
0
1
0
1
1
0
3
2
0
2
0
1
1
0
0
1
1
0
0
0
0
0
0
0
0
0
0
1
0
0
0
0
0
1
0
1
0
1
1
1
1
1
0
0
1
0
2
0
0
0
0
0
0
1
0
0
1
0
0
0
0
0
0
0
1
1
0
0
0
0
0
1
1
0
1
0
0
0
0
0
0
0
0
0
0
0
0
0
0
0
0
0
0
0
0
1
0
0
0
0
0
0
0
0
0
0
0
1
0
0
1
0
0
0
0
0
0
0
0
0
0
0
0
2
0
0
0
0
0
1
1
1
0
0
0
0
0
0
0
0
0
0
0
0
0
0
0
0
0
0
0
0
0
0
0
0
0
0
0
0
0
0
0
