0
0
0
17
0
0
0
6
35
8
0
4
2
5
1
2
1
5
4
9
0
1
3
1
1
0
0
1
0
0
0
2
1
0
0
0
6
3
2
0
1
0
1
1
12
1
1
0
1
0
1
1
1
1
1
1
1
2
8
1
2
4
1
1
0
1
1
2
1
1
1
4
1
1
0
0
1
0
2
1
0
2
1
1
2
0
0
1
1
2
1
0
1
0
0
1
0
1
5
0
1
1
0
2
1
1
2
0
0
0
2
1
1
1
1
0
2
1
1
6
1
1
1
1
0
1
1
1
0
0
4
0
1
1
1
2
0
6
8
3
1
1
1
18
1
12
1
7
0
0
0
2
0
0
2
2
2
0
1
1
1
2
2
0
1
1
0
0
0
0
10
2
2
5
1
0
16
1
1
3
0
0
2
2
1
6
0
0
2
1
4
1
0
0
0
1
1
1
1
1
1
1
3
1
0
2
11
1
1
1
1
5
1
2
0
0
0
1
0
2
1
0
1
0
0
1
3
3
3
0
2
1
0
0
1
1
1
0
0
0
0
0
1
0
0
4
1
0
1
1
0
0
2
0
2
0
0
0
0
0
0
0
0
0
1
0
0
0
0
0
0
1
0
0
0
0
0
0
0
1
0
4
1
1
1
1
1
0
1
2
1
0
1
0
0
0
0
0
2
2
0
0
0
0
0
0
0
0
1
0
0
0
0
1
0
2
0
0
0
0
0
0
0
1
0
0
1
0
1
1
2
0
0
1
1
1
4
1
1
1
1
1
1
1
2
2
2
1
1
1
1
1
1
1
1
1
1
2
1
1
1
1
1
1
2
1
1
1
1
1
1
1
1
1
0
0
0
0
0
0
0
0
0
0
0
0
0
0
0
0
0
0
0
0
0
0
0
0
0
0
0
0
0
0
0
0
0
0
0
0
0
0
0
0
0
0
0
0
0
0
0
0
0
0
0
0
0
0
0
0
0
0
0
0
0
0
0
0
0
0
0
0
0
0
0
0
0
0
0
0
0
0
0
0
0
0
0
0
0
0
0
0
0
0
0
0
0
0
0
0
0
0
0
0
0
0
0
0
0
0
0
0
0
0
0
0
0
0
0
0
0
0
0
0
0
0
0
0
0
0
0
0
0
0
0
0
0
0
0
0
0
0
0
0
0
0
0
0
0
0
0
0
0
0
0
0
0
0
0
0
0
0
0
0
0
0
0
0
0
0
0
0
0
0
0
0
0
0
0
0
0
0
0
0
0
0
0
0
0
0
0
0
0
0
0
0
0
0
0
0
0
0
