0
0
0
39
0
0
0
20
27
13
0
4
2
5
2
2
1
7
6
18
1
1
10
1
4
4
3
4
1
0
1
2
1
1
1
1
3
4
5
2
2
2
1
1
17
2
1
6
1
1
1
1
2
1
5
1
1
1
9
2
3
5
1
1
1
1
1
1
1
2
1
8
4
1
0
0
2
1
2
1
1
1
1
1
3
1
1
1
1
2
1
1
1
1
2
1
1
1
10
1
1
1
1
2
1
1
2
2
3
2
2
2
1
1
1
1
1
1
1
6
1
1
2
1
1
1
1
1
1
1
14
1
1
2
1
2
0
9
11
4
3
3
0
30
1
15
1
9
3
0
0
8
0
1
3
6
4
0
3
1
1
2
2
2
1
1
1
2
1
5
10
2
2
7
1
6
0
3
2
3
2
2
2
3
1
9
1
1
1
1
8
1
0
1
1
1
1
1
1
1
1
1
4
1
2
6
10
2
1
1
2
5
2
3
1
1
1
2
1
3
3
1
1
1
1
1
3
11
3
2
5
1
1
1
2
1
1
0
0
0
0
0
2
1
1
3
1
1
3
0
1
1
2
1
2
0
1
1
1
3
2
2
2
2
2
1
0
2
0
0
0
0
0
1
0
0
0
0
1
1
1
7
1
1
1
1
1
0
1
3
1
0
1
0
1
1
0
0
3
3
1
0
0
0
0
0
1
0
1
0
0
0
0
2
0
2
0
0
0
0
0
0
0
3
0
0
1
0
1
1
1
1
1
1
2
1
6
2
1
1
1
1
1
1
2
2
2
1
1
1
2
1
1
1
0
0
1
1
1
1
1
1
1
1
1
3
1
0
1
1
1
1
1
2
0
1
0
0
1
0
0
0
0
1
1
1
1
1
0
0
3
1
0
0
0
1
0
1
1
1
2
1
1
1
0
0
0
0
1
1
1
0
1
0
0
3
0
1
2
0
1
1
0
0
1
1
1
1
0
0
0
1
0
0
0
0
1
1
0
0
0
0
0
1
1
0
1
1
1
1
1
0
0
1
0
1
0
1
1
1
2
1
1
1
0
0
0
0
0
0
0
0
0
0
0
0
0
0
0
0
0
0
0
0
0
0
0
0
0
0
0
0
0
0
0
0
0
0
0
0
0
0
0
0
0
0
0
0
0
0
0
0
0
0
0
0
0
0
0
0
1
0
0
0
0
0
0
0
0
0
0
0
0
0
0
0
0
0
0
0
0
0
0
0
0
0
0
0
0
0
0
1
0
0
0
0
0
0
0
0
0
0
0
0
0
0
0
0
0
0
0
0
