0
0
0
7
0
0
0
13
22
11
0
3
2
4
3
2
1
11
5
13
1
1
8
1
3
2
4
3
1
0
1
2
1
1
3
3
5
5
3
2
1
1
1
1
17
2
1
5
1
1
2
2
3
0
2
1
1
2
9
1
3
2
2
1
1
1
1
2
2
2
1
5
2
1
2
1
2
1
2
1
1
1
1
2
4
1
1
1
1
2
1
1
1
1
1
1
1
1
5
6
1
1
1
1
1
1
4
1
2
1
2
2
1
1
1
1
1
2
1
4
1
2
2
2
1
2
1
1
1
1
9
1
1
2
1
2
1
8
8
6
6
3
0
22
2
14
1
4
2
0
0
9
0
1
5
10
4
0
2
0
0
1
2
1
1
1
1
2
5
3
2
0
0
6
0
6
0
3
3
2
2
1
2
3
1
9
1
1
2
1
11
0
2
1
1
1
1
1
1
1
1
1
4
1
2
7
9
2
1
1
3
4
5
1
1
1
1
2
1
3
6
1
1
2
0
1
4
4
1
0
2
0
0
0
5
0
2
0
0
0
1
0
5
1
1
3
2
1
2
1
1
1
6
4
1
0
1
1
0
3
1
2
0
0
0
0
0
0
1
0
0
1
0
4
0
0
0
0
1
1
1
5
1
1
1
1
1
0
3
5
1
0
1
1
3
1
0
0
4
0
0
0
2
0
2
1
0
2
3
1
0
2
3
4
1
5
0
0
0
0
0
0
1
0
0
0
1
0
1
1
3
0
1
0
3
1
5
0
0
1
1
1
0
0
0
0
0
0
0
0
1
1
1
1
1
1
0
0
0
0
0
1
1
0
0
4
0
1
1
0
1
1
1
2
0
3
0
3
1
0
1
1
0
1
1
0
0
0
0
0
0
1
1
2
0
3
2
0
0
0
0
0
0
0
2
2
0
0
0
1
1
0
1
1
0
3
0
0
0
0
0
0
0
0
1
1
1
1
0
0
0
2
1
0
1
1
2
0
0
3
3
2
3
1
1
0
2
1
1
1
1
0
2
1
1
1
0
0
0
0
0
1
0
1
0
0
0
0
0
0
0
0
0
0
0
0
0
0
0
0
2
0
0
0
0
0
2
0
1
0
0
1
0
1
1
3
0
0
0
0
1
2
1
0
0
1
1
1
0
1
1
0
1
0
0
0
0
0
0
1
0
0
0
0
1
1
0
0
0
0
1
1
0
0
0
0
0
0
0
0
0
0
0
1
1
1
0
0
0
0
0
0
0
0
0
0
0
0
0
0
0
0
0
0
0
0
0
0
0
0
0
0
