0
0
0
9
0
0
0
20
29
12
0
2
1
5
2
2
1
7
5
19
1
2
8
1
6
6
3
6
1
0
1
2
1
1
2
1
5
7
6
2
2
1
1
1
18
1
1
6
1
1
1
1
2
1
6
1
1
2
9
1
4
6
1
1
0
1
1
1
1
1
1
8
2
1
0
0
3
1
2
2
1
2
1
1
3
1
1
1
1
2
1
1
1
1
1
1
1
1
10
1
1
2
1
1
1
1
2
2
3
2
2
2
1
1
1
1
1
1
1
6
1
1
3
1
1
2
1
1
1
1
16
1
1
2
1
1
0
9
11
3
3
3
1
30
1
15
1
5
3
0
0
5
0
1
3
5
4
0
3
1
1
1
2
1
1
1
1
2
0
4
10
2
2
6
1
7
0
2
3
3
1
2
2
4
1
8
1
1
1
1
9
1
0
1
1
1
1
1
1
1
1
1
4
1
1
4
11
1
1
1
1
6
1
0
1
0
0
2
0
1
2
0
1
1
1
1
3
7
3
1
5
1
1
1
1
1
1
0
0
0
0
0
2
0
1
3
1
1
4
0
1
1
3
1
2
0
1
1
1
3
2
2
2
1
3
1
0
2
0
0
0
0
0
1
0
0
0
0
1
1
1
8
1
1
1
1
1
0
1
5
1
0
1
0
2
1
0
0
3
2
0
1
0
0
0
0
1
1
1
0
0
0
1
2
0
2
0
0
0
0
0
0
0
1
1
0
1
0
1
1
2
1
1
1
3
1
7
3
1
1
1
1
1
1
0
0
0
1
1
1
2
1
1
1
0
0
1
2
1
1
1
1
0
1
1
2
1
1
1
1
1
1
1
2
0
1
0
0
2
0
1
0
0
0
1
1
1
1
0
0
2
1
0
0
0
2
0
1
1
1
1
2
1
2
0
0
0
0
1
1
1
0
1
1
1
3
0
1
1
0
1
1
0
0
0
1
0
0
0
0
0
0
0
0
0
0
1
0
0
0
0
0
1
1
1
0
1
1
1
1
1
0
0
1
0
0
0
1
1
0
2
1
1
1
0
0
0
0
0
0
0
0
0
0
0
0
0
0
0
1
2
0
0
1
0
0
0
0
0
0
0
0
0
0
0
0
0
0
0
0
0
0
0
0
1
0
0
1
0
0
0
0
0
0
0
0
1
0
0
0
0
0
0
0
0
0
0
0
0
0
0
0
0
0
0
0
0
1
0
0
0
0
0
0
0
0
0
0
0
0
0
0
0
0
0
0
0
0
0
0
0
0
0
0
0
0
0
0
0
0
0
0
